[59, 245, 67, 253]
[91, 33, 99, 40]
[131, 209, 135, 212]
[139, 153, 143, 157]
[142, 127, 144, 128]
[145, 8, 152, 14]
[150, 268, 151, 269]
[151, 54, 155, 58]
[153, 30, 158, 35]
[158, 73, 161, 75]
[159, 90, 166, 98]
[160, 48, 167, 55]
[166, 152, 169, 155]
[172, 83, 176, 86]
[173, 215, 179, 221]
[176, 134, 179, 136]
[180, 71, 189, 81]
[181, 346, 186, 352]
[186, 108, 191, 112]
[192, 124, 199, 132]
[194, 86, 201, 99]
[195, 369, 200, 373]
[198, 108, 204, 113]
[198, 147, 202, 152]
[198, 156, 211, 165]
[203, 71, 206, 73]
[208, 197, 213, 202]
[209, 140, 213, 144]
[209, 237, 211, 239]
[213, 107, 215, 110]
[219, 16, 225, 23]
[223, 248, 231, 256]
[226, 235, 231, 240]
[228, 187, 232, 193]
[230, 172, 230, 172]
[231, 5, 233, 7]
[237, 140, 240, 142]
[240, 42, 246, 49]
[243, 21, 244, 22]
[245, 0, 248, 3]
[245, 184, 255, 193]
[251, 173, 257, 179]
[252, 200, 258, 205]
[253, 24, 254, 25]
[255, 41, 265, 54]
[255, 247, 258, 249]
[257, 70, 262, 73]
[260, 268, 270, 274]
[261, 144, 262, 145]
[262, 176, 269, 187]
[263, 314, 268, 320]
[264, 211, 266, 213]
[264, 367, 264, 367]
[265, 4, 276, 15]
[267, 20, 273, 26]
[269, 165, 272, 168]
[270, 154, 276, 159]
[271, 202, 275, 207]
[273, 73, 283, 81]
[276, 220, 280, 225]
[278, 46, 282, 50]
[281, 183, 284, 186]
[282, 242, 284, 244]
[282, 333, 288, 338]
[285, 53, 291, 60]
[285, 142, 293, 150]
[289, 190, 302, 200]
[289, 300, 296, 306]
[290, 13, 293, 15]
[292, 39, 297, 45]
[292, 76, 295, 79]
[298, 321, 305, 324]
[299, 22, 304, 27]
[299, 371, 306, 378]
[300, 166, 307, 173]
[303, 290, 305, 292]
[304, 238, 309, 244]
[305, 152, 309, 156]
[306, 301, 314, 308]
[311, 185, 317, 190]
[312, 19, 312, 19]
[313, 170, 321, 178]
[320, 279, 320, 279]
[326, 56, 331, 60]
[326, 100, 331, 105]
[331, 320, 332, 321]
[332, 270, 339, 277]
[336, 251, 345, 266]
[336, 333, 340, 338]
[337, 104, 342, 111]
[346, 174, 347, 177]
[350, 264, 354, 273]
[351, 125, 355, 129]
[351, 237, 357, 243]
[352, 97, 357, 102]
[352, 200, 359, 208]
[352, 282, 359, 288]
[353, 212, 357, 218]
[353, 341, 354, 342]
[354, 158, 360, 161]
[355, 87, 358, 92]
[356, 346, 361, 352]
[357, 64, 364, 70]
[357, 259, 362, 265]
[358, 294, 362, 297]
[359, 271, 366, 279]
[360, 242, 365, 246]
[363, 216, 372, 224]
[366, 45, 370, 48]
[366, 257, 376, 264]
[371, 239, 384, 252]
[373, 111, 379, 118]
[375, 308, 384, 316]
[376, 94, 382, 97]
[377, 388, 385, 396]
[378, 299, 378, 299]
[379, 190, 386, 198]
[380, 132, 385, 138]
[380, 275, 383, 278]
[383, 51, 384, 53]
[383, 203, 389, 209]
[384, 375, 387, 378]
[387, 139, 395, 147]
[387, 228, 388, 229]
[392, 289, 395, 293]
[393, 255, 404, 262]
[394, 103, 396, 105]
[394, 187, 400, 194]
[399, 161, 402, 164]
[400, 128, 407, 135]
[402, 120, 407, 124]
[403, 313, 417, 320]
[404, 268, 405, 269]
[405, 182, 407, 184]
[406, 7, 409, 10]
[406, 247, 412, 252]
[408, 106, 416, 112]
[409, 27, 410, 29]
[410, 41, 414, 44]
[412, 206, 416, 210]
[412, 295, 416, 299]
[416, 255, 417, 257]
[417, 124, 422, 129]
[417, 185, 422, 191]
[417, 347, 422, 352]
[421, 4, 427, 10]
[421, 110, 432, 116]
[422, 51, 426, 57]
[422, 147, 429, 151]
[422, 237, 427, 242]
[428, 38, 433, 44]
[429, 85, 432, 88]
[429, 161, 430, 163]
[430, 173, 432, 174]
[430, 305, 434, 309]
[430, 353, 434, 357]
[431, 59, 435, 63]
[431, 189, 436, 194]
[432, 140, 433, 141]
[432, 210, 432, 211]
[432, 339, 432, 340]
[436, 92, 441, 97]
[436, 215, 442, 221]
[436, 363, 440, 367]
[437, 51, 440, 54]
[437, 117, 449, 131]
[437, 163, 444, 173]
[437, 262, 445, 272]
[439, 226, 446, 233]
[439, 326, 441, 328]
[440, 200, 443, 203]
[441, 282, 443, 284]
[442, 250, 447, 254]
[444, 292, 447, 295]
[446, 139, 452, 151]
[448, 61, 453, 65]
[449, 216, 455, 221]
[449, 391, 463, 397]
[452, 238, 454, 239]
[455, 105, 458, 110]
[457, 347, 465, 350]
[457, 373, 458, 374]
[459, 238, 467, 247]
[459, 271, 465, 277]
[460, 251, 460, 252]
[464, 361, 470, 366]
[466, 415, 467, 416]
[479, 216, 483, 219]
[479, 312, 480, 313]
[481, 391, 488, 397]
[483, 196, 486, 200]
[484, 297, 490, 303]
[486, 402, 494, 409]
[489, 163, 494, 169]
[490, 261, 497, 267]
[503, 236, 505, 238]
[503, 281, 511, 289]
[503, 317, 506, 319]
[507, 166, 511, 170]
[510, 136, 511, 137]
[513, 327, 515, 329]
[515, 215, 520, 220]
[516, 304, 521, 310]
[524, 294, 526, 296]
[527, 311, 535, 320]
[527, 333, 538, 343]
[528, 280, 535, 288]
[542, 238, 547, 243]
[542, 306, 543, 306]
[542, 329, 543, 330]
[550, 261, 557, 269]
[551, 344, 559, 351]
[558, 295, 560, 297]
[567, 252, 569, 256]
