[35, 455, 39, 458]
[53, 139, 56, 142]
[81, 439, 82, 440]
[94, 423, 96, 426]
[98, 4, 108, 14]
[127, 127, 134, 134]
[137, 125, 142, 130]
[140, 298, 147, 304]
[142, 459, 150, 463]
[181, 124, 187, 138]
[226, 237, 232, 242]
[229, 197, 233, 201]
[241, 267, 248, 273]
[246, 240, 252, 248]
[253, 175, 264, 186]
[256, 5, 263, 12]
[271, 162, 277, 168]
[275, 171, 280, 176]
[281, 153, 289, 161]
[281, 184, 288, 192]
[281, 208, 299, 218]
[285, 460, 288, 463]
[290, 190, 296, 196]
[299, 41, 305, 45]
[299, 51, 306, 57]
[329, 214, 336, 219]
[337, 330, 341, 334]
[353, 214, 361, 221]
[371, 193, 376, 198]
[374, 418, 378, 422]
[375, 429, 377, 432]
[378, 438, 381, 441]
[379, 207, 382, 209]
[380, 242, 388, 250]
[385, 441, 391, 448]
[388, 454, 388, 454]
[391, 239, 397, 245]
[393, 214, 395, 216]
[394, 261, 400, 266]
[396, 203, 403, 210]
[399, 227, 400, 227]
[400, 251, 406, 258]
[409, 216, 415, 221]
[414, 227, 420, 234]
[417, 177, 433, 188]
[430, 367, 438, 374]
[438, 10, 438, 10]
[444, 364, 451, 371]
[459, 369, 461, 371]
[471, 25, 479, 34]
[494, 128, 500, 133]
[502, 99, 508, 106]
[511, 7, 519, 15]
[511, 105, 516, 111]
[514, 118, 516, 120]
[519, 25, 523, 29]
[525, 152, 527, 154]
[537, 132, 554, 141]
[540, 153, 545, 158]
[550, 68, 552, 70]
[561, 6, 565, 10]
[567, 140, 573, 146]
[571, 3, 579, 11]
[573, 213, 574, 214]
[574, 409, 578, 413]
[575, 226, 579, 229]
[581, 419, 582, 419]
[582, 345, 588, 352]
[583, 432, 584, 433]
[585, 10, 591, 18]
[588, 458, 596, 463]
[589, 400, 591, 402]
[589, 448, 591, 451]
[599, 422, 606, 428]
[600, 100, 605, 107]
[608, 373, 615, 380]
[610, 152, 613, 154]
[610, 231, 615, 237]
[620, 298, 627, 304]
[623, 350, 624, 352]
[624, 393, 630, 398]
[628, 450, 629, 451]
[628, 458, 631, 461]
[644, 125, 651, 131]
[664, 99, 669, 103]
[665, 22, 674, 34]
[666, 288, 670, 292]
[673, 120, 678, 126]
[684, 148, 690, 155]
[697, 239, 700, 242]
[713, 168, 718, 174]
[715, 267, 731, 274]
[731, 198, 736, 208]
[747, 168, 753, 173]
[752, 384, 757, 389]
[756, 273, 763, 279]
[761, 0, 764, 5]
[763, 369, 768, 373]
[765, 239, 772, 247]
[766, 348, 771, 353]
[775, 250, 780, 254]
[786, 240, 790, 245]
[786, 343, 788, 345]
[787, 355, 808, 365]
[796, 187, 797, 188]
[798, 165, 806, 175]
[802, 329, 806, 332]
[809, 331, 817, 337]
[841, 287, 848, 295]
[851, 178, 857, 183]
[852, 115, 855, 119]
[865, 189, 868, 192]
[885, 352, 891, 357]
[893, 19, 897, 23]
[894, 243, 900, 250]
[895, 4, 908, 11]
[909, 260, 915, 265]
[911, 210, 920, 216]
[915, 312, 917, 315]
[916, 5, 918, 8]
[916, 331, 920, 335]
[922, 249, 922, 250]
[932, 269, 935, 272]
[935, 7, 941, 11]
[939, 29, 944, 36]
[944, 332, 950, 338]
[957, 0, 962, 6]
[969, 15, 974, 19]
[979, 9, 984, 14]
[980, 365, 984, 369]
[989, 24, 1000, 34]
[991, 208, 996, 213]
[1000, 48, 1001, 50]
[1002, 272, 1007, 277]
[1002, 396, 1005, 399]
[1003, 37, 1008, 43]
[1020, 396, 1022, 400]
